15
43 13 41 40 20 19 49 25  5  3 41 14 45  6  9 
 6 36 13 15 24 17  4 19 36 14  2 33 36  5 42 
26 38 19  7 36 48 40 10  6 49  4 24  7 26  8 
27 13 26 28 41 38 26 13  3 12 23  7 12 20 44 
24 26 23 33 21 48 48 46 19 31  5 15 39  2 43 
 3 20 34 45 28 19 13  9 15 29 11 46 43 40  1 
17 36  0 42 22 27  6 13 25 15  4  1 47 31  5 
 2  2  7 36  5 16 43 47 16  0 33 25 21  2 45 
46 12 35 29 31 46 30 38  0  4 36 14  4  0 27 
42 43  4 37  8 21 39 39 33 25  8 29 38 14 35 
45 16 11 15 43 19 21 27 14  1 35 43 19 13 25 
40 11  9 40 14  0 18 38  8 28 16 36 13 28 21 
29 35 34 34  4  9 42  7 20 49 34 42 18 10 24 
41  4 31 43  3 15  9 44 17 29 29 39  6 38  8 
26 47 17 29 14 24 18 35 19 12 47 20  3 13 35 
