30
35  8 45  1  6 40 49  1 25 14 14 42 10 49 45  4 31  8 24 28  6 47 42 17 19 24 32 44 42  0 
31 24 18 43 29 19 26  9 14 43 45 40 14  2 32 34 49 17 27  5 40 20 45 39 28 49 28  5 40  0 
 2  7 10  5 14 15 47 32 37 40  4  8 49  1 47 35 39 38 11 46 37 23 11 43 30  8 34 37 26 12 
34 18  7 17 49 25  0 34 15  1  4  4 48 48 17 14 22 22 35 48 30 31  8 37 49 49 16  2  1  6 
23 48 48 32 15  7  0 47 41 26 48 42 41 37 37 12 46 20 17 39 41 47  3 32 16  6 39 24 49 40 
39 20  4 47 37 46 16 48 16 18 21 40  4 17 26  9 33 23 23 26 23 17  1 38  5 16  6 27 25 41 
 5 19 26 39 37 33 22  9 48 16  5 40  8  9 38 47 12  1 47 15 13 46  2 45 18 11  2 15  6  0 
23 42 35 29 46  8 39 13  9 43 18 22 13 16 26  4 38 33  4 49 35 17 28 15 11 13 30 42  3 30 
46 32  5 13 10 35 18 33 45 45 35 25  4 13 38 35 11 16 32 12  7 25 14 46 43 24 40 32 41 46 
16 34  9 10 26 28 45 42 27 41 26 20  7 24 47 12  5 13 35 10  9 27 13 37 40 26 10 37 15 46 
33 49 46  4 42 27 31 29  7 24 23 36  7 19 31 16 17 33 31  8 31 21 12 22 27 43 15 47  1 20 
13 40 14 32 37 18 25 25 29 13 46 10 26 44 22 45  4 13 25 35 27 44 37 27 25 14 40 16  4 31 
29 35 13 48 44 22 40 28 28 10 13 18 29 14 47 15  7  2  5  5 18 25  6 33 33 35 15 30 11 41 
33 31  0  3 45 49 47 34 44  7 49 21 25  8  1 19 13 19 14 13 44 39 16 36 37 31 17 16 30 27 
43 29 27 40 22 49 19 12  0 31 44 17  4 31 22 17  1  1 32 21 42 12 44 45 27 43 42 34 21 15 
 3 46 19  5  2 45 29  6 16  0 26  1  5 46 22 26 15 41 12 46 23 35 33 28 23 36 33 21 23 45 
27 24 30 28 44 42 20 18 27  5 34 37 20 39 23 14 28 11 14 36 19 13 13 42 29  5 17  4 19 29 
33  9 48 45 30 48 18 48 17 49 33  6 22 25 29  9  9 18  0 12 24 41 25 26 33 14 41 40 46 45 
23  5  9 34  2 16 41 41 25 25 26 44  2 11 18 18 41  3 41 14 18 45 19  4 41 29  1 15 21  2 
15 43 11 33 24 12 21  6 30 42 37 18 20 14  1 49 49 34 18 28 10 16 34 23 41  4  5 26 45  2 
29 18 27  7 14  3 44 48 49 12 15 41  7 18 30 44  0 34 14 10 48 42 49 29 39 31 15 49  9 26 
23  0 45 19 22 41 18 12 47 26 20 33 19 34 42 29 22  2 39 23 13 34 37 24 43 36  9 46 10  0 
 8 16  5 30  2  4  1 44  2 29 11 21 25 35 39 41  7 10  1 25 41 24 23 28 24  3 20 18 42 48 
34 44 41 20 14 12 49  4 33  2 35 46 18 20  4 41  0  0 13 48 17 44 41  1 38  9  7 27 13 27 
32 13 36 47 24 13 33 27 25 44 44 39  7 28 22 13 17 42 14  6 49 43 25 48 48  1 36 40 22 48 
49 35 33 21 35 25 40 12 15 41 34  7 25  0 29 28 32 17  7 18 34 28  1 36 49 31 34 11 31  0 
 3 27  8 20 46 38 18 39  1 12 25  4 37  0 19  1 30 48 29 30 37 24  4 37  2  3  9  4 16 26 
22 25 19 35 24 30 38  0  5 41 33 22 46 41 12 45 36 35 31  2 22  1 33 39  9 32 30 35 25 43 
40 48 28 27 32  7 33 47 18 26 34  1  7  2 38 29 40  5 44 39 25 17 20  2 43 33 34 49 47 45 
21 45 37 46 41 28  8 30 27 32 15  9 24  7 17 35 21 46 47 42  4 40 34 43 28 30 22 29 40 26 
