20
44  0 24 44 29 24 23 27 15 25 37  5 27 22 17  7 14  1 35 17 
25 24 15  7 10 38 38 29  6 10  4 20 22 20  7 38 10 46 48 36 
 7 12 41 26  1  1  0 37 24 41 39  7 36 35  5 14 16 21 48  3 
32 24 29 14 24 46 24 37 43 46 30 35 37 25 13 21 44  8 48 48 
37 20  3 36  8 18 41 26 30  0 21 45 47 15 42 23 42 40 28 24 
37 44 36 38 38 31 26 22 47 26  3 21 34 25 47  1 27 38 36 45 
34  4  4 30 22 46  7 15  2 13  2  5 44 31 25 11 22  1 13 39 
 7  7 17 23 42 44  2 44 44 46  7  8 39 28  5 23  6 17 16 21 
14 18 16  8 31  8 34 32 47 36 22  4 12 22 29 26  2 36 32  8 
19 24 46 41  1 49  8 21 15 33 14 16 33 34 18 30 45 18 38 26 
 3 15 48 46 47 39 24  6 42 18 49  4 30 43 25 33 13 47 23 31 
40 14 39 11 15 24 29 22 49  9 47 28 31 26 44 29  0 16 41 12 
 1 48 12 36 49 45 47 38 44 19 31  4 19 40 42 32 45 29  7 43 
47 13 26 44 45 41 30 42 27 32  2 32  5 12 15 39 34 46 46 35 
 2  4  3 43 44 32 13 41 36 10 35  7 45 28 24 11  1  1 47  0 
39 41 45  9 27 38  6  4  1 23 45 15 37 29 21  1 27 37 15 21 
20  3  1 32 39 43 14 18 39 35 32 18 30 37  0 30 15 48 34  0 
 2 40 14 30 16 24 28 40 37 27  7 13 36 14  4 17 37 40 14  6 
39 47 35 20 35 32  0  4  3 42  4 18 31 43 36 29 17 38 33 18 
19 49 49  3 48 33 29 14 21 25 44 14 28 45 44 12 35  5  5 46 
