25
 6 25  2 43 17  7  7  7  4 39 13  9 16 48 41 18  9 21 10 19 14 10 30  0 45 
34 43 23 33 12  8 20 37 14  6  3 14  6 35 38 16 39 36 18 37 42 15 14 39 46 
45 21  5 21  3 38 21 41 18 11 45 25  3  9 42 44 45 21 39 45 39 11 30  9 21 
17 45 21 34 20 18 26  4 19 33 12 14 10 39 34 26 40 11 12 45 22 48  4 25 47 
19 12 46 34 42 34 15 38  7  6 46 46 24 49 26 32  0 35  9 44 38 40 28  5 16 
 2 33 10 29 36 17  2 44 38 44 16 38 22 40 49 33 45  5 40 22 22 27  2 20 41 
19 35  5 18  8 27  1 48 27 37  5  3 11 38 46 31 37  1 38 40 18 13 38 37 29 
 3 37 20 24 19 25 20 45 32 31 46 48 26 18 45 41  0 30 15  0 47  5 14 12 47 
37 17 30  1 46 25 27 27 22 16 25 30 16 24  7 35  2 49 22 40  3 39 42 41 31 
21 43 35  2  9 13 41 26 30  5  4  1 31 29 43 36 24 37 24  0 47 12 34 41  5 
27  8 13 36 16 16 34 39  9 45 10 22 29 42  1 38 14 47 32 43 41 37  7 42 33 
23 31 19 42  3 20 44 32 16 25 33  6 47  2 43  0 35  3 42  3 34  4  2 49 29 
10 28 45  7 10  8 12 15 33 48 26 44 37  5 15  5 36 49 24 26  0 11  1 35  1 
19 21 11 25 37 12 44 11  0  7 31  7 10 35 40 14 12 22 25 28 35  6 36 15 49 
22 19 19 32 13 40 48  2  4 21  6 21  5 40 14 36 28 48 30  0 25 17 22 39 49 
30 18  0 47  6 21  7 41  2 26  1  3 32 17 11 11 16 20  4 20  6 21 43 40 31 
42  7  0 49  5 37 28  2 20 23 37 21 36 38 29  8 13 46  6 27 22 18 14 39 21 
32 18 21 26 20  0  0 33 44 45 21 18  3 25 19 29 21 33  1 18 23 29 48  3 16 
14 46  0 43 45 32  6 13  1 45  1 25 47 20 21 32 49 18 20 33 24 47 45 10 38 
37 33 21 47 25 29 12  9 48 41 10  1  7  2  5 47 41  8 38  8 31 21  9 20  7 
 0 19  9 46 15  6  0 29 22 24  1  2 35  1 30 43 22 18 43 46 45 30 38 39 49 
25  9 16 41 41  9  9  6  3  0 17 13 23 29 24  5 18  3 27 20 29 32 39  1 49 
15  8 16 26 13 20 19 44  0  6  9 45 35  6 37 48 49 12 22 40 37  2  1 11 22 
29 14 17 19 30 38 37 17 24 49 38 28 11 42 42 10 29  0 46 23 27 19 12 27 21 
49 21 43 36 38  5 29  6 27 15 22 41 36  6 15 44 37 18 10 40  5 40  0 33 18 
