50
45  1 35  0  7  3  2 35 27 13  7 26 11 15 30  2  6 24  0 41 21 39 22  1 14 44 16 44 19 40 32  5 10  5  4 34 10 21 45 47 15  5  1 45 23  8 20 19 17 35 
11 38 47 37  4  3 44 19  2  4 29  5  5 10  7 48  5  4  9 43  3 47  2 46 19 29 28  1 45 42 18  4 22 30 22  4  8 48 13 35 37 23  6 14 44 20 46 47 15 32 
42 47 23 33  9 22 44 17 41  0 46 21 41  3  8  5 34 44 14 42 17 13 20 27 45 36 17 45 35 17 42 20 23 31  5 27 28  3 44 10 10  2 42  2 24 35 16 27 19 38 
 1 18 21 25 34 46 42 22 39 47 12 40 24  8 32  3 45 24  3  5 14 30 44 14 42 19  3 44 20 36 33 42 21 38  4  3 34 41  5  3  0 47 19 10 11  8 28 44 37  1 
26 37 33  2  4 40 20 41 35  6 20 27  3 34 36 14 18 12 30 16 42 26 35 42  7 44 40 49 42  9  9 46 42 44 25 17 12 29 32 48 11 47  1 11 13  1  3 32 21 42 
31 17 11 33 38 47  3 24 37 18 25 18  1 27 27 12 37 25 47 46 36 39 48 22 26 48  5 12 21  2 26  2 12 44 19 39 49 20  3 11  2 17 20 21 11  8 42 31  0  0 
29 26 37 15 35 12 14 31 38 12  8 34 39 14 37 43  2  9 13 24  7 34 32 19 14 48 17 43 19 16 30 17 35 22 20 48 30  3 14 18  0 38 30 13 23 22 16 37 26  6 
14 20 48 28 26  6 28 27 45 29 32 49 35 12 34 13 21 38 26 28 34 18 20 46 15  9 32  0  1 18  7 41 19  5 11  5 16 41 42  4 17 41 10  6 16  6 40  4 22  1 
49 28 31  0 40 25 16 14 18 22 32 43 42 17 43 46 44 41 44  5  6 22 10  2 14  4 10  7 24 43 46 49 30 25 21 20 25 16  8 11  9 20 45 47 38  4  6 32 47  1 
34 45  6 13 11  3 25 22 39 24 13 34  5 37 25 26 21 22  7 32  2 17  2  9  3 25 48 26 17 46 14 44 35 27 29 36 19 45 39 32 17 35 49 30  0 19 38 10 42  4 
38 21  2 16  5 12 47 38 24 42 41  2  5 16 37  1 28 26  9  6 36 22 37  6 25 35 18 47 10  2  7 46  1 18 41 37 45 32 18 49 29 22 19 48 28 15 29 44 47 17 
 2 44 38 35 35 20 17 28 44 41 15 27 17 19 46 16 10 46 37 23 39 17 47 21 14 39 31 31 30 28 27 17 16 36  5 38  5 41 45  4 35 27 28  2 49 23 17 21 45  4 
39  6  5 18 44 24 19 34 39 11 19 22 36 18 45 49 33 48  0 35  7 38 11 39 47  3 44 37 37 46 31 19 33  1 22 16  6 46 38 10  8  9 31 13 11 28 36 23 15 20 
 5 15 33  8  9  0 33 13 14 29  2 11 24 34 25 26 12  6 25 23 41  4 39 30 45 26  1 14 12 18 20 49 38 23 22 49 48 14 24 27 30 26  6 24  6 15 49 44  7 16 
22 47 46 45 32  9 41 33 27 46 27 15 41 16 34 16 14 17 29 34 22 13 13  1 43 28 20 46 11 22 11 14 30 12 32  7  8 28 11 40  6 31  6 47 28  6 15 47 46 44 
32 43  2 31 13 42  7 26  6 19 12 10 39 18 15  0  4 25 18  8 20 21 48 48 18 21  7 25 24  0 35 15 14 34 46 28 27 39 35 46  1 41  3 38  1 12  3 31 26 14 
 1 36  8  3 19 13 30 25 28 35 46 35 10 25 33 23 30 13 44  0 14  1 30 49  0 18  6 39 16 46 37 45 33 37 33 34 33 27  4 42 42  5 32 23 25 46  7 16 31 10 
39 11 49 20 47 19 42 49  4 18 36 10 28 17 20 29 45 46 22 26  9  6  1 18  2 17 43 24 17 33  1 24  9 10 40 25 22 22 44  8  8 40 20  9 10 48 23 20  7 39 
37 30 42 30 22 15 16 33 21 17 33 35  3 36  8 30 35  3 11  3 40 30  9 22 36 35 15  6 47 42 45 43  5 38  0 15 47 16 38 14  4 41 15 15 36 32 17 41 14  1 
 7 33  1 40 46 31 40 10 22 28 41  5 21  3 34 20 35 45 48 28  7 14  4 10 28  0  8 27  2 44 11  2 43 45 10 18 33 49  8 33 45 12 46  5 37 20 46 39 38 27 
13 28 36 33  6 43 32 15 44 34 18  1 33 12 44  6 49 48 14 11 14  1 11 16 42  5  7  2 10 30 33 16  3 32 31  2 19 21 23  3 30 29  8 23 30 29 42 31 40 40 
 6 32 38 36 18 47 26 35 46 19 16 11 48  3 46 43 45 38 49  5 48  0 47 43 21 40 28 35 41 18 46 13 36 24 20  6 36 29  1 11  0 33  6 38 35 48 24 18 42 33 
17  0  5  0 10 42 46 41 31 15 21 24 16 30 44  4 10 42 38 35 40 10 21  8  4 26  4 27 29  1 46  9 18 42  5 44  9 28 26 32  7 29  0 40  6 40 43 33  1  7 
47 41  1 44 25 47 42 46  9 14 25 17 16 32 41 46 42  0  3 15 13 46 26 26  6  4  2 11 40 32 45  1 34 35 36 27 14 36 44 23 32 41 28 48 15 22  7 41  8 18 
35 41 41 14 47  3 20 13  8 41 27 22 43 41 42 31 22 49 17 11 39 10 34 33 11 24 35 48 23 26  5 35 24  6 33 30 23 41  4 43 23 18 29 47  1  0  5 19 42 16 
 5 22 16 36 45 31 16 22 48 20 37  7 25  5 18 14 34 21  7  9  3  7 16 45 26 45 28 15  6 16 31 34 11 19 43  0 15  4 19 45 35 49 15 33 24 14 18 21 38 13 
28  6 30 39 35 15 15 14 33 20 46 38 14  0 49 27  4 12 14 33 12 31 45  6 22 29 16 30 17 23 22  7  9  3  7 19 20 15 16 28 34 17 46 29  2 22 34 41 28 38 
 8 17 28 46 45  0 39 13 20 13 10 22 25  9 28 20 45 32 21 35 37 12 23 49  0 29 49 47  6 34 36 43 32 38  3 17  5 13 23 39 23 46 38  4 43  6 45 41 43 30 
15  3 33 11  5 27 15 24 15 21 14  2 23 16  7  1 14 30 20 36 19  8 31 12 34 28 45 27 16 18  1  6  1 34 41 15 39 12 40 12 32 20 48  4  2 46 46 39 15  1 
49  5 45 17 41 30 46 40 13  6  6 28  2 47 34 18 46  7 28 43 11 20  7 31 46 28 22  4 39 35 18 18 23  4  5 18  3 18 13 41 35 36 40  6 28 41 31 42 19 27 
 8  8 15 29 42  1 17 16 33  7 40 17 39 45 37  4 22 13 38 18 41 14 18 42 39 37 19 24 40 13 18  3 14 11 37 39  3 47 45  6 10 31 22 46 22 39 20 33 25 35 
46  5  6 46 49 16 24  8  2  3 17 28  0 32 32 27 22 49 26 15  3 16 21 22 37 17  0 45 30 42 43 41 47 47 17 23 25 22 23 34 20 46 22 23 25  9 25 26  6 33 
43  7 46 16 36 44 34 49 39 29 38 15 11 19 24 13 19  2 46 34 14  4 36 21  6 41 26  3 28 17 49 20 33 14 46 24 18 44 35 16 24  0  3 15 18 19  5  7 26 21 
11 20 48  2 32 27 38 26 28 48 31 21 19 36  1  5  5 45  5 14 14 19 17 20 14 37 21 20 19 38 17 38 18 14 39 17  7 42  4 38  9  1 41 26 47  4  7 11 39 26 
37 13 34 49 41 10 25 30  8 26 39 48 44  5 17 28 47  0 40  4 15 23 28  2 30  8 38  3 11 46 42  3 37  1  7 24 43 41 31 38 30  5 19 10  9  6 15 13 34  2 
18  0 48 40 45 20 33 47 46 41 18  8 32 14 18 14 40 47 28 42 20 42 41 22 28 31 38 22 40 27 33 48  7 41 22 37 32 15 42 40 28 44 43 26  4 46 28 29 28 31 
29 42 17 16 15 28 38  6 34  0 21  3 25  7 27  1 45 30 19  2  3 19  4 20 14 21 37 17 38  1 26 38 11 10 16 37 36 23  0 12 44 47  3 36 17 38 14 17 32 41 
27 22 32 18  3 48  1 10 12 43 40 29 44 16 46 35 38 33 40 22 49 40 13  8 11  4 27 28  8 45 13 25 16 47 19 12  0 17 11 15  0 22 49 20 15 26 40  6 49 21 
38 47 29 25  5 23 34 19 46 46 49 24 32 16 25 13 13  4 48 25 12 20 33 49 43 36 23 29  4  5 33 31 15  5 24 25 38 29 45  1  5  2  8  8 17 25 37 48 37 41 
46 26 26 47 24 14 35  2 15 38  8 40  2 43  2 24 14 37  8 28 21  2  9 11  3 30 46 33 17 18  0 23 20 27 45  7 32 42 29 32 12 45  0 15 47 40  2 13 20 28 
36 22  9 21 35 28 32 20 31 36  0 23 22 25  6 11 12 46 13 10 26 11  8 40  0 24 39 27 32 15  8  5 47 47 18 17 19  4 26  7 47 15 23 37 14 32  9 35 40  1 
27  2 42 10 24 25 30 28 10  0 21 39 29  2 15 34 41  1 41 36  5 17  5 38 12  5 25 45 39 33  7 39  8  4 37 46 22 26 29 24 24  7 22 13 11 30 36 29  9 46 
22 25 39 11 48 28 17 15  8  6  1 30 48 15  2 42 10 15 22 17  5  6 45 18 38 11 35 45 16  4 13  7 10 42 46 46 34  5 33  7  2 11  3 22 16 37 24  5  0 29 
19 46 48  9 20 38 31  6 17  1 19 33  0  3 44 11 35 48 22 45 30 31 15 29 27 27 12 44 30 35  6 17 18 49 20  0 17 44 18  6 34  6 17  0 14  7 13 28 15  1 
48 30 17 24 45 28 34 34 35 33  6  4 35 17 28 48  8 21 21  1 23 10 15 23 16 26  8 30 27 12 43 17 47 42 47 45 25 22 33 19 28 18 22 16 16 15  7  4 45 27 
35 13  4 23 47  5 48 37 22 37  3 40 37 39  8 36 41 15 44 18 12 32 45 46 33  4 31  8 11 26  4 16 18  8 48 15 12 22  7 24  7 39 19 29  9  1 30 34 19 43 
 1 21 37 19 12 36 43 22 25 48 32 29  2 34 37  1 21 47 31 23 48  0 35 20  5  8 40 37 24 27  3  3  9 21  6  0 47 15  7 33 31 42  4 44 12 22 20 13 24  4 
 3 37 49 46  8 28 22 15 22 23 40 14 12 19 41 34  3 47  2 42  3 11 21 11 43  8  6 48  4 19 45  8 10 25  0 31 33  7 38 35 10 18  4 36 17 17  7 34 35  1 
14 39 47  2 44 19 17 44 18 35 19 47 42 23 11 21 10 30 31 33 25  2 43 11 27 10 48 11 35 29 13  0 24 11  0 22 39 42 25  6 29 47 37 14 29  9 18 37  3 26 
17  9  6 28 18 39 34 20  4 31 43 14 28 25 18 48 29  4 22 39 37 17  1 35 43  7 36 32 48 30 40  9  0 21 34 23  4 16 36 16  0 39 26  8  0 44 43  6 47 12 
